0 0.11915267425396327 0.6666666666666666 0.07237741772452891 0.4066666666666667
0 0.19153009197849216 0.6666666666666666 0.07237741772452891 0.4066666666666667
0 0.26390750970302107 0.6666666666666666 0.07237741772452891 0.4066666666666667
0 0.33628492742755 0.6666666666666666 0.07237741772452891 0.4066666666666667
0 0.408662345152079 0.6666666666666666 0.07237741772452891 0.4066666666666667
0 0.4810397628766079 0.6666666666666666 0.07237741772452891 0.4066666666666667
0 0.5534171806011368 0.6666666666666666 0.07237741772452891 0.4066666666666667
0 0.6257945983256658 0.6666666666666666 0.07237741772452891 0.4066666666666667
0 0.6981720160501946 0.6666666666666666 0.07237741772452891 0.4066666666666667
0 0.7705494337747234 0.6666666666666666 0.07237741772452891 0.4066666666666667
0 0.8429268514992524 0.6666666666666666 0.07237741772452891 0.4066666666666667
0 0.9153042692237813 0.6666666666666666 0.07237741772452891 0.4066666666666667
