0 0.057299261600926854 0.49916666666666665 0.07421554331104137 0.9783333333333334
0 0.1315148049119682 0.49916666666666665 0.07421554331104137 0.9783333333333334
0 0.2057303482230096 0.49916666666666665 0.07421554331104137 0.9783333333333334
0 0.279945891534051 0.49916666666666665 0.07421554331104137 0.9783333333333334
0 0.3541614348450923 0.49916666666666665 0.07421554331104137 0.9783333333333334
0 0.42837697815613374 0.49916666666666665 0.07421554331104137 0.9783333333333334
0 0.502592521467175 0.49916666666666665 0.07421554331104137 0.9783333333333334
0 0.5768080647782164 0.49916666666666665 0.07421554331104137 0.9783333333333334
0 0.6510236080892577 0.49916666666666665 0.07421554331104137 0.9783333333333334
0 0.7252391514002992 0.49916666666666665 0.07421554331104137 0.9783333333333334
0 0.7994546947113406 0.49916666666666665 0.07421554331104137 0.9783333333333334
0 0.873670238022382 0.49916666666666665 0.07421554331104137 0.9783333333333334
0 0.9478857813334233 0.49916666666666665 0.07421554331104137 0.9783333333333334
