0 0.07366803786489567 0.49083333333333334 0.09658522079595579 0.21833333333333332
0 0.17025325866085148 0.49083333333333334 0.09658522079595579 0.21833333333333332
0 0.2668384794568073 0.49083333333333334 0.09658522079595579 0.21833333333333332
0 0.363423700252763 0.49083333333333334 0.09658522079595579 0.21833333333333332
0 0.4600089210487189 0.49083333333333334 0.09658522079595579 0.21833333333333332
0 0.5565941418446746 0.49083333333333334 0.09658522079595579 0.21833333333333332
0 0.6531793626406304 0.49083333333333334 0.09658522079595579 0.21833333333333332
0 0.7497645834365863 0.49083333333333334 0.09658522079595579 0.21833333333333332
0 0.8463498042325419 0.49083333333333334 0.09658522079595579 0.21833333333333332
0 0.9429350250284979 0.49083333333333334 0.09658522079595579 0.21833333333333332
