0 0.0659009575038763 0.5258333333333334 0.07677667305982377 0.845
0 0.1426776305637001 0.5258333333333334 0.07677667305982377 0.845
0 0.21945430362352386 0.5258333333333334 0.07677667305982377 0.845
0 0.2962309766833477 0.5258333333333334 0.07677667305982377 0.845
0 0.37300764974317147 0.5258333333333334 0.07677667305982377 0.845
0 0.4497843228029952 0.5258333333333334 0.07677667305982377 0.845
0 0.526560995862819 0.5258333333333334 0.07677667305982377 0.845
0 0.6033376689226427 0.5258333333333334 0.07677667305982377 0.845
0 0.6801143419824666 0.5258333333333334 0.07677667305982377 0.845
0 0.7568910150422904 0.5258333333333334 0.07677667305982377 0.845
0 0.8336676881021141 0.5258333333333334 0.07677667305982377 0.845
0 0.9104443611619378 0.5258333333333334 0.07677667305982377 0.845
