0 0.2072569117065604 0.5316666666666666 0.07192432859880167 0.7366666666666667
0 0.27918124030536207 0.5316666666666666 0.07192432859880167 0.7366666666666667
0 0.3511055689041638 0.5316666666666666 0.07192432859880167 0.7366666666666667
0 0.42302989750296544 0.5316666666666666 0.07192432859880167 0.7366666666666667
0 0.49495422610176715 0.5316666666666666 0.07192432859880167 0.7366666666666667
0 0.5668785547005688 0.5316666666666666 0.07192432859880167 0.7366666666666667
0 0.6388028832993705 0.5316666666666666 0.07192432859880167 0.7366666666666667
0 0.7107272118981721 0.5316666666666666 0.07192432859880167 0.7366666666666667
0 0.7826515404969738 0.5316666666666666 0.07192432859880167 0.7366666666666667
0 0.8545758690957755 0.5316666666666666 0.07192432859880167 0.7366666666666667
0 0.9265001976945771 0.5316666666666666 0.07192432859880167 0.7366666666666667
