0 0.078923340227376 0.455 0.07127902186699736 0.38333333333333336
0 0.15020236209437335 0.455 0.07127902186699736 0.38333333333333336
0 0.2214813839613707 0.455 0.07127902186699736 0.38333333333333336
0 0.2927604058283681 0.455 0.07127902186699736 0.38333333333333336
0 0.36403942769536546 0.455 0.07127902186699736 0.38333333333333336
0 0.43531844956236276 0.455 0.07127902186699736 0.38333333333333336
0 0.5065974714293602 0.455 0.07127902186699736 0.38333333333333336
0 0.5778764932963574 0.455 0.07127902186699736 0.38333333333333336
0 0.6491555151633548 0.455 0.07127902186699736 0.38333333333333336
0 0.7204345370303522 0.455 0.07127902186699736 0.38333333333333336
0 0.7917135588973495 0.455 0.07127902186699736 0.38333333333333336
0 0.8629925807643469 0.455 0.07127902186699736 0.38333333333333336
0 0.9342716026313442 0.455 0.07127902186699736 0.38333333333333336
