0 0.10237269065618103 0.465 0.06685411027893616 0.8366666666666667
0 0.16922680093511722 0.465 0.06685411027893616 0.8366666666666667
0 0.23608091121405334 0.465 0.06685411027893616 0.8366666666666667
0 0.3029350214929895 0.465 0.06685411027893616 0.8366666666666667
0 0.3697891317719257 0.465 0.06685411027893616 0.8366666666666667
0 0.4366432420508618 0.465 0.06685411027893616 0.8366666666666667
0 0.5034973523297981 0.465 0.06685411027893616 0.8366666666666667
0 0.5703514626087341 0.465 0.06685411027893616 0.8366666666666667
0 0.6372055728876703 0.465 0.06685411027893616 0.8366666666666667
0 0.7040596831666065 0.465 0.06685411027893616 0.8366666666666667
0 0.7709137934455426 0.465 0.06685411027893616 0.8366666666666667
0 0.8377679037244788 0.465 0.06685411027893616 0.8366666666666667
0 0.904622014003415 0.465 0.06685411027893616 0.8366666666666667
