0 0.13931571665160852 0.7575 0.06000334144905344 0.375
0 0.19931905810066194 0.7575 0.06000334144905344 0.375
0 0.25932239954971537 0.7575 0.06000334144905344 0.375
0 0.31932574099876887 0.7575 0.06000334144905344 0.375
0 0.37932908244782226 0.7575 0.06000334144905344 0.375
0 0.43933242389687566 0.7575 0.06000334144905344 0.375
0 0.4993357653459292 0.7575 0.06000334144905344 0.375
0 0.5593391067949827 0.7575 0.06000334144905344 0.375
0 0.6193424482440361 0.7575 0.06000334144905344 0.375
0 0.6793457896930895 0.7575 0.06000334144905344 0.375
0 0.739349131142143 0.7575 0.06000334144905344 0.375
0 0.7993524725911965 0.7575 0.06000334144905344 0.375
0 0.85935581404025 0.7575 0.06000334144905344 0.375
